total_tokens=60191
unique_terms=10530
unique_terms_only1=4536
avg_tokens_per_doc=148.987623762
************TOP30*************

['i', 13312, 0.0, 0.0, 0.05351278124158335]
['and', 7958, 0.003236992490422696, 25.759986238783817, 0.031990287944750624]
['the', 6488, 0.006498293036917099, 42.16092522351814, 0.026081049030603425]
['to', 6252, 0.0010763189694954778, 6.729146197285727, 0.025132354892005646]
['it', 5946, 0.008686179185092619, 51.64802143456071, 0.023902268424162758]
['you', 5728, 0.006498293036917099, 37.22222251546114, 0.023025932313085144]
['a', 5327, 0.00540846942385671, 28.810916620884694, 0.021413956255552473]
['that', 4993, 0.0119888147351783, 59.86015197274526, 0.020071312856011544]
['s', 4489, 0.008686179185092619, 38.992258361880765, 0.01804528808544679]
['of', 3626, 0.016431763784897246, 59.581575484037415, 0.014576122654896427]
['so', 3139, 0.016431763784897246, 51.57930652079246, 0.012618436021434056]
['like', 3052, 0.046474740074492406, 141.84090670735083, 0.012268705555086568]
['t', 2739, 0.03817964104360994, 104.57403681844764, 0.011010479854319171]
['is', 2510, 0.025456389434985675, 63.895537481814046, 0.0100899249486459]
['my', 2490, 0.03700745549555913, 92.14856418394223, 0.010009527140290155]
['in', 2455, 0.025456389434985675, 62.49543606288983, 0.009868830975667603]
['m', 2418, 0.03583842522870742, 86.65731220301454, 0.009720095030209477]
['um', 2375, 0.13803403469844766, 327.8308324088132, 0.009547239742244626]
['know', 2187, 0.05493136713772982, 120.13489993021513, 0.008791500343700631]
['this', 2157, 0.027742155142532594, 59.839828642442804, 0.008670903631167015]
['but', 2032, 0.04887416320494703, 99.31229963245237, 0.008168417328943613]
['just', 1974, 0.0610742486447809, 120.56056682479749, 0.007935263684711955]
['was', 1909, 0.11924298963341845, 227.63486721019584, 0.007673970807555786]
['for', 1791, 0.0610742486447809, 109.38397932280259, 0.007199623738256895]
['on', 1767, 0.0610742486447809, 107.91819735532785, 0.007103146368230002]
['have', 1729, 0.04408850065413021, 76.22901763099114, 0.006950390532354088]
['me', 1455, 0.08655337133488623, 125.93515529225947, 0.0058489405578803924]
['be', 1433, 0.08786742523271744, 125.9140203584841, 0.005760502968689073]
['really', 1426, 0.11783064861016072, 168.0265049180892, 0.005732363735764563]
['not', 1374, 0.0800420877207609, 109.97782852832546, 0.0055233294340396285]
